Exploration     1.41
Iterations      4096
Rollout depth   5
TD only score   8724

MyPC    Iterations 4096
Thread  Score0  Score1  Score2  Score3  Score4
0       38876   20492   36316   25432   24432 
2       25764   43660   17784   36272   23392         
4       23616   41336   38504   25128   36408
8       25180   24372   34376   24996   35504
16      36112   27132   24348   25324   41436
                                         
MyPC    Iterations 4096
Thread  Time0   Time1   Time2   Time3   Time4   
0       117.77  118.42  117.92  118.63  118.25  
1       86.65   86.41   87.67   87.63   86.17
2       66.56   66.96   66.89   66.96   67.22   
4       49.65   49.22   49.73   49.12   49.31   
8       37.13   36.72   36.76   36.67   36.45   
16      31.38   30.64   30.65   31.44   30.41   

MyPC    Iterations 8192
Thread  Time0   Time1   Time2   Time3   Time4
0       237.52  242.53  239.67  241.49  241.55
1       164.5   162.5   159.9   161.1   162.8
2       124.6   120.9   118.6   120.5   121.7
4       87.68   86.71   88.27   88.69   86.62
8       60.68   60.36   60.99   60.43   60.41
16      46.81   48.41   47.92   47.94   48.99

WS7     Iterations  4096
Thread  Time0   Time1   Time2   Time3   Time4
0       180.72  182.07  181.79  181.00  181.57
1       163.2   163.1   163.8   169.5   161.4
2       136.0   137.6   137.1   137.6   140.2
4       106.9   106.5   107.0   108.2   109.5
8       91.58   90.38   91.30   93.54   92.26
16      84.23   84.58   83.77   85.55   87.51
32      101.10  97.23   85.49   90.2    92.89

WS7     Iterations  8192
Thread  Time0   Time1   Time2   Time3   Time4
0       376.7   366.2   371.02  387.54  362.67
1       283.6   280.8   285.4   282.2   281.7
2       206.3   211.5   223.4   207.4   210.3
4       172.7   180.1   174.2   166.8   170.4
8       135.2   127.5   132.8   130.5   137.5
16      121.9   122.7   119.8   116.7   117.3
32      131.8   125.6   125.8   121.3   123.6
